(title "dp-dX")
(labels "Position" "dp-dX")

((xy/key/label "y_02")
0	-1.09153
0.01	-1.89884
0.02	-3.29006
0.03	-4.57048
0.04	-5.97441
0.05	-7.30818
0.06	-8.4945
0.07	-9.55789
0.08	-10.5009
0.09	-11.3145
0.1	-12.0012
0.11	-12.5686
0.12	-13.0246
0.13	-13.3785
0.14	-13.6406
0.15	-13.8223
0.16	-13.9323
0.17	-13.9786
0.18	-13.9729
0.19	-13.9248
0.2	-13.8398
0.21	-13.7241
0.22	-13.5836
0.23	-13.4237
0.24	-13.2486
0.25	-13.062
0.26	-12.867
0.27	-12.6663
0.28	-12.462
0.29	-12.256
0.3	-12.0498
0.31	-11.8445
0.32	-11.6413
0.33	-11.4409
0.34	-11.244
0.35	-11.0509
0.36	-10.8622
0.37	-10.678
0.38	-10.4986
0.39	-10.3241
0.4	-10.1546
0.41	-9.98999
0.42	-9.83039
0.43	-9.67572
0.44	-9.5259
0.45	-9.38086
0.46	-9.24048
0.47	-9.10467
0.48	-8.97328
0.49	-8.84621
0.5	-8.72331
0.51	-8.60446
0.52	-8.48952
0.53	-8.37836
0.54	-8.27085
0.55	-8.16684
0.56	-8.06623
0.57	-7.96888
0.58	-7.87464
0.59	-7.78341
0.6	-7.69508
0.61	-7.60952
0.62	-7.52662
0.63	-7.44627
0.64	-7.36839
0.65	-7.29285
0.66	-7.21958
0.67	-7.14846
0.68	-7.0794
0.69	-7.01232
0.7	-6.94713
0.71	-6.88376
0.72	-6.82211
0.73	-6.76211
0.74	-6.70368
0.75	-6.64677
0.76	-6.59129
0.77	-6.53718
0.78	-6.48438
0.79	-6.43281
0.8	-6.38243
0.81	-6.33317
0.82	-6.28498
0.83	-6.2378
0.84	-6.19157
0.85	-6.14625
0.86	-6.10179
0.87	-6.05813
0.88	-6.01524
0.89	-5.97305
0.9	-5.93154
0.91	-5.89065
0.92	-5.85034
0.93	-5.81057
0.94	-5.7713
0.95	-5.73248
0.96	-5.69409
0.97	-5.65607
0.98	-5.6184
0.99	-5.58104
1	-5.54394
1.01	-5.50708
1.02	-5.47041
1.03	-5.43391
1.04	-5.39753
1.05	-5.36125
1.06	-5.32502
1.07	-5.28882
1.08	-5.25261
1.09	-5.21636
1.1	-5.18004
1.11	-5.1436
1.12	-5.10702
1.13	-5.07027
1.14	-5.0333
1.15	-4.99609
1.16	-4.9586
1.17	-4.92081
1.18	-4.88267
1.19	-4.84416
1.2	-4.80524
1.21	-4.76587
1.22	-4.72602
1.23	-4.68565
1.24	-4.64474
1.25	-4.60323
1.26	-4.56109
1.27	-4.51829
1.28	-4.47479
1.29	-4.43055
1.3	-4.38553
1.31	-4.33969
1.32	-4.293
1.33	-4.24542
1.34	-4.1969
1.35	-4.1474
1.36	-4.09688
1.37	-4.04528
1.38	-3.99257
1.39	-3.93869
1.4	-3.88359
1.41	-3.82723
1.42	-3.76955
1.43	-3.7105
1.44	-3.65003
1.45	-3.5881
1.46	-3.52465
1.47	-3.45962
1.48	-3.39296
1.49	-3.32462
1.5	-3.25452
1.51	-3.18262
1.52	-3.10883
1.53	-3.03309
1.54	-2.95533
1.55	-2.87547
1.56	-2.79345
1.57	-2.70918
1.58	-2.6226
1.59	-2.53362
1.6	-2.44217
1.61	-2.34819
1.62	-2.25158
1.63	-2.15238
1.64	-2.05057
1.65	-1.94544
1.66	-1.83707
1.67	-1.72597
1.68	-1.61175
1.69	-1.49421
1.7	-1.37328
1.71	-1.24886
1.72	-1.12082
1.73	-0.989035
1.74	-0.853389
1.75	-0.713757
1.76	-0.570014
1.76	-0.570014
1.77	-0.422034
1.78	-0.269689
1.79	-0.112849
1.8	0.0486179
1.81	0.214847
1.82	0.385978
1.83	0.562156
1.84	0.743531
1.85	0.93026
1.86	1.12251
1.87	1.32044
1.88	1.52424
1.89	1.73408
1.9	1.95016
1.91	2.17268
1.92	2.40182
1.93	2.6378
1.94	2.88082
1.95	3.1311
1.96	3.38884
1.97	3.65426
1.98	3.92758
1.99	4.20903
2	4.49882
2.01	4.7972
2.02	5.10439
2.03	5.42064
2.04	5.74622
2.05	6.08137
2.06	6.42637
2.07	6.78149
2.08	7.14703
2.09	7.52333
2.1	7.91062
2.11	8.30917
2.12	8.71941
2.13	9.14172
2.14	9.57631
2.15	10.0235
2.16	10.4836
2.17	10.9573
2.18	11.4451
2.19	11.9461
2.2	12.4617
2.21	12.9924
2.22	13.5378
2.23	14.0987
2.24	14.6754
2.25	15.2684
2.26	15.8781
2.27	16.5048
2.28	17.1489
2.29	17.8109
2.3	18.491
2.31	19.1897
2.32	19.9075
2.33	20.645
2.34	21.4023
2.35	22.1801
2.36	22.9788
2.37	23.7987
2.38	24.6403
2.39	25.504
2.4	26.3903
2.41	27.2995
2.42	28.232
2.43	29.1883
2.44	30.1687
2.45	31.1736
2.46	32.2033
2.47	33.2581
2.48	34.3385
2.49	35.4447
2.5	36.5769
2.51	37.7356
2.52	38.921
2.53	40.1334
2.54	41.3729
2.55	42.6399
2.56	43.9345
2.57	45.2569
2.58	46.6073
2.59	47.9859
2.6	49.3926
2.61	50.8277
2.62	52.2909
2.63	53.7824
2.64	55.302
2.65	56.8497
2.66	58.4251
2.67	60.0281
2.68	61.6584
2.69	63.3156
2.7	64.9993
2.71	66.709
2.72	68.4443
2.73	70.2046
2.74	71.9891
2.75	73.7973
2.76	75.6283
2.77	77.4814
2.78	79.3557
2.79	81.2502
2.8	83.1641
2.81	85.0963
2.82	87.0458
2.83	89.0113
2.84	90.9919
2.85	92.9861
2.86	94.993
2.87	97.011
2.88	99.0388
2.89	101.075
2.9	103.118
2.91	105.167
2.92	107.22
2.93	109.275
2.94	111.332
2.95	113.387
2.96	115.44
2.97	117.488
2.98	119.531
2.99	121.566
3	123.593
3.01	125.608
3.02	127.611
3.03	129.599
3.04	131.572
3.05	133.527
3.06	135.463
3.07	137.379
3.08	139.273
3.09	141.143
3.1	142.989
3.11	144.809
3.12	146.601
3.13	148.365
3.14	150.1
3.15	151.804
3.16	153.476
3.17	155.117
3.18	156.723
3.19	158.296
3.2	159.834
3.21	161.336
3.22	162.802
3.23	164.232
3.24	165.624
3.25	166.978
3.26	168.295
3.27	169.572
3.28	170.812
3.29	172.012
3.3	173.173
3.31	174.294
3.32	175.377
3.33	176.42
3.34	177.423
3.34	177.423
3.35	178.388
3.36	179.315
3.37	180.202
3.38	181.05
3.39	181.861
3.4	182.635
3.41	183.372
3.42	184.072
3.43	184.735
3.44	185.363
3.45	185.957
3.46	186.516
3.47	187.041
3.48	187.533
3.49	187.993
3.5	188.422
3.51	188.818
3.52	189.183
3.53	189.52
3.54	189.827
3.55	190.105
3.56	190.354
3.57	190.576
3.58	190.771
3.59	190.939
3.6	191.081
3.61	191.199
3.62	191.291
3.63	191.36
3.64	191.405
3.65	191.427
3.66	191.427
3.67	191.406
3.68	191.364
3.69	191.303
3.7	191.222
3.71	191.121
3.72	191.003
3.73	190.868
3.74	190.716
3.75	190.548
3.76	190.363
3.77	190.164
3.78	189.951
3.79	189.724
3.8	189.484
3.81	189.23
3.82	188.963
3.83	188.685
3.84	188.395
3.85	188.092
3.86	187.779
3.87	187.456
3.88	187.122
3.89	186.777
3.9	186.424
3.91	186.06
3.92	185.688
3.93	185.307
3.94	184.918
3.95	184.521
3.96	184.116
3.97	183.704
3.98	183.286
3.99	182.86
4	182.428
4.01	181.991
4.02	181.549
4.03	181.102
4.04	180.65
4.05	180.193
4.06	179.733
4.07	179.269
4.08	178.801
4.09	178.329
4.1	177.855
4.11	177.378
4.12	176.896
4.13	176.413
4.14	175.928
4.15	175.439
4.16	174.948
4.17	174.454
4.18	173.959
4.19	173.462
4.2	172.962
4.21	172.46
4.22	171.957
4.23	171.452
4.24	170.945
4.25	170.436
4.26	169.926
4.27	169.415
4.28	168.903
4.29	168.39
4.3	167.877
4.31	167.363
4.32	166.849
4.33	166.335
4.34	165.821
4.35	165.308
4.36	164.794
4.37	164.282
4.38	163.77
4.39	163.259
4.4	162.748
4.41	162.239
4.42	161.73
4.43	161.222
4.44	160.715
4.45	160.209
4.46	159.703
4.47	159.199
4.48	158.696
4.49	158.193
4.5	157.691
4.51	157.19
4.52	156.69
4.53	156.19
4.54	155.691
4.55	155.193
4.56	154.696
4.57	154.2
4.58	153.704
4.59	153.209
4.6	152.716
4.61	152.223
4.62	151.731
4.63	151.241
4.64	150.752
4.65	150.265
4.66	149.78
4.67	149.296
4.68	148.815
4.69	148.335
4.7	147.858
4.71	147.383
4.72	146.909
4.73	146.438
4.74	145.969
4.75	145.502
4.76	145.037
4.77	144.574
4.78	144.113
4.79	143.653
4.8	143.196
4.81	142.74
4.82	142.287
4.83	141.835
4.84	141.385
4.85	140.936
4.86	140.489
4.87	140.044
4.88	139.6
4.89	139.157
4.9	138.716
4.91	138.276
4.92	137.837
4.93	137.4
4.94	136.964
4.95	136.529
4.96	136.096
4.97	135.665
4.98	135.235
4.99	134.806
5	134.38
5.01	133.955
5.02	133.533
5.03	133.113
5.04	132.696
5.05	132.28
5.06	131.867
5.07	131.457
5.08	131.048
5.09	130.642
5.1	130.238
5.11	129.837
5.12	129.437
5.13	129.039
5.14	128.644
5.15	128.25
5.16	127.858
5.17	127.469
5.18	127.081
5.19	126.695
5.2	126.311
5.21	125.928
5.22	125.548
5.23	125.169
5.24	124.791
5.25	124.416
5.26	124.041
5.27	123.668
5.28	123.296
5.29	122.926
5.3	122.556
5.31	122.188
5.32	121.821
5.33	121.455
5.34	121.09
5.35	120.727
5.36	120.365
5.37	120.004
5.38	119.646
5.39	119.289
5.39	119.289
5.4	118.934
5.41	118.581
5.42	118.231
5.43	117.882
5.44	117.536
5.45	117.193
5.46	116.851
5.47	116.512
5.48	116.175
5.49	115.839
5.5	115.506
5.51	115.174
5.52	114.844
5.53	114.516
5.54	114.19
5.55	113.866
5.56	113.543
5.57	113.222
5.58	112.903
5.59	112.585
5.6	112.269
5.61	111.955
5.62	111.643
5.63	111.331
5.64	111.022
5.65	110.714
5.66	110.407
5.67	110.101
5.68	109.796
5.69	109.493
5.7	109.19
5.71	108.889
5.72	108.589
5.73	108.289
5.74	107.99
5.75	107.693
5.76	107.396
5.77	107.1
5.78	106.806
5.79	106.513
5.8	106.221
5.81	105.932
5.82	105.644
5.83	105.358
5.84	105.075
5.85	104.794
5.86	104.515
5.87	104.239
5.88	103.964
5.89	103.691
5.9	103.421
5.91	103.152
5.92	102.885
5.93	102.619
5.94	102.355
5.95	102.093
5.96	101.832
5.97	101.573
5.98	101.315
5.99	101.059
6	100.805
6.01	100.552
6.02	100.301
6.03	100.051
6.04	99.804
6.05	99.5581
6.06	99.3135
6.07	99.0702
6.08	98.8282
6.09	98.5877
6.1	98.3486
6.11	98.1107
6.12	97.874
6.13	97.6384
6.14	97.4039
6.15	97.1703
6.16	96.9377
6.17	96.706
6.18	96.4751
6.19	96.245
6.2	96.0158
6.21	95.7874
6.22	95.5601
6.23	95.3339
6.24	95.1091
6.25	94.886
6.26	94.6647
6.27	94.4455
6.28	94.2286
6.29	94.014
6.3	93.8018
6.31	93.592
6.32	93.3846
6.33	93.1793
6.34	92.9762
6.35	92.775
6.36	92.5758
6.37	92.3783
6.38	92.1824
6.39	91.9883
6.4	91.7957
6.41	91.6047
6.42	91.4153
6.43	91.2275
6.44	91.0414
6.45	90.857
6.46	90.6743
6.47	90.4934
6.48	90.3143
6.49	90.1371
6.5	89.9617
6.51	89.7882
6.52	89.6166
6.53	89.4467
6.54	89.2786
6.55	89.1121
6.56	88.9473
6.57	88.7839
6.58	88.622
6.59	88.4615
6.6	88.3022
6.61	88.1442
6.62	87.9874
6.63	87.8317
6.64	87.6771
6.65	87.5236
6.66	87.3712
6.67	87.2197
6.68	87.0692
6.69	86.9198
6.7	86.7715
6.71	86.6246
6.72	86.4794
6.73	86.3362
6.74	86.1951
6.75	86.0565
6.76	85.9205
6.77	85.7872
6.78	85.6567
6.79	85.529
6.8	85.4039
6.81	85.2814
6.82	85.1614
6.83	85.0439
6.84	84.9287
6.85	84.8158
6.86	84.7051
6.87	84.5972
6.88	84.4911
6.89	84.3897
6.9	84.2874
6.91	84.2001
6.92	84.0919
6.93	84.0555
6.94	83.8741
6.95	84.0702
6.96	83.2942
6.97	84.293
6.98	78.3936
6.99	73.9517
7	77.6002
)
