(title "X Velocity")
(labels "Position" "X Velocity")

((xy/key/label "x_10")
0	0
1e-06	0.25637
2.1e-06	0.532124
3.31e-06	0.835453
4.641e-06	1.16911
6.1051e-06	1.53614
7.71561e-06	1.93986
9.48717e-06	2.38392
1.14359e-05	2.87231
1.35795e-05	3.40936
1.59374e-05	3.99965
1.85312e-05	4.6479
2.13843e-05	5.35864
2.45227e-05	6.13554
2.7975e-05	6.98042
3.17725e-05	7.89171
3.59497e-05	8.863
4.05447e-05	9.88216
4.55992e-05	10.9321
5.11591e-05	11.9936
5.7275e-05	13.0482
6.40025e-05	14.0815
7.14027e-05	15.0843
7.9543e-05	16.0535
8.84973e-05	16.9883
9.83471e-05	17.8662
0.000109182	18.7288
0.0001211	19.554
0.00013421	20.3426
0.000148631	21.0967
0.000164494	21.8201
0.000181943	22.5176
0.000201138	23.1925
0.000222252	23.847
0.000245477	24.4832
0.000271024	25.1029
0.000299127	25.7077
0.000330039	26.2991
0.000364043	26.8785
0.000401448	27.4471
0.000442593	28.0061
0.000487852	28.5565
0.000537637	29.0992
0.000592401	29.6352
0.000652641	30.1651
0.000718905	30.6899
0.000791795	31.2101
0.000871975	31.7265
0.000960172	32.2397
0.00105719	32.7504
0.00116391	33.2591
0.0012813	33.7666
0.00141043	34.2734
0.00155247	34.7801
0.00170872	35.2876
0.00188059	35.7965
0.00206965	36.3075
0.00227762	36.8215
0.00250638	37.3394
0.00275801	37.8623
0.00303482	38.3913
0.0033393	38.9277
0.00367423	39.4732
0.00404265	40.0294
0.00444792	40.5985
0.00489371	41.1828
0.00538408	41.7864
0.00592349	42.4154
0.00651683	43.0773
0.00716952	43.7806
0.00788747	44.5358
0.00867722	45.3516
0.00954594	46.2208
0.0105015	47.1146
0.0115527	48.0306
0.012709	49.0379
0.0139808	49.975
0.0153799	50.4382
0.0169189	50.4949
0.0186118	50.4775
0.020474	50.4559
0.0225224	50.4348
0.0247756	50.4143
0.0272542	50.3943
0.0299806	50.3752
0.0329797	50.3571
0.0362787	50.3401
0.0399075	50.3241
0.0438993	50.309
0.0482902	50.2949
0.0531202	50.2815
0.0584332	50.2688
0.0642776	50.2568
0.0707063	50.2454
0.077778	50.2344
0.0855568	50.2239
0.0941134	50.2137
0.103526	50.2039
0.113526	50.1947
0.123526	50.1865
0.133526	50.1792
0.143526	50.1726
0.153526	50.1665
0.163526	50.1609
0.173526	50.1558
0.183526	50.151
0.193526	50.1466
0.203526	50.1424
0.213526	50.1386
0.223526	50.1349
0.233526	50.1315
0.243526	50.1283
0.253526	50.1252
0.263526	50.1223
0.273526	50.1195
0.283526	50.1169
0.293526	50.1144
0.303526	50.112
0.313526	50.1097
0.323526	50.1076
0.333526	50.1055
0.343526	50.1035
0.353526	50.1016
0.363526	50.0998
0.373526	50.0981
0.383526	50.0964
0.393526	50.0948
0.403526	50.0933
0.413526	50.0918
0.423526	50.0904
0.433526	50.089
0.443526	50.0877
0.453526	50.0865
0.463526	50.0853
0.473526	50.0841
0.483526	50.083
0.493526	50.0819
0.503526	50.0809
0.513526	50.0799
0.523526	50.0789
0.533526	50.078
0.543526	50.0771
0.553526	50.0762
0.563526	50.0754
0.573526	50.0746
0.583382	50.0739
0.591388	50.0733
0.593056	50.0732
0.602745	50.0725
0.612268	50.0718
0.621639	50.0712
0.631018	50.0706
0.64052	50.0701
0.65019	50.0695
0.659985	50.069
0.67	50.0684
0.68	50.0679
0.69	50.0674
0.7	50.0669
0.71	50.0665
0.72	50.0661
0.73	50.0656
0.74	50.0652
0.75	50.0649
0.76	50.0645
0.77	50.0642
0.78	50.0639
0.79	50.0635
0.8	50.0633
0.81	50.063
0.82	50.0627
0.83	50.0625
0.84	50.0623
0.85	50.062
0.86	50.0619
0.87	50.0617
0.88	50.0615
0.89	50.0613
0.9	50.0612
0.91	50.0611
0.92	50.061
0.93	50.0609
0.94	50.0608
0.95	50.0607
0.96	50.0607
0.97	50.0606
0.98	50.0606
0.99	50.0606
1	50.0606
)

((xy/key/label "x_20")
0	0
1e-06	0.230985
2.1e-06	0.479435
3.31e-06	0.752731
4.641e-06	1.05336
6.1051e-06	1.38404
7.71561e-06	1.74779
9.48717e-06	2.1479
1.14359e-05	2.58798
1.35795e-05	3.07193
1.59374e-05	3.60396
1.85312e-05	4.18846
2.13843e-05	4.82979
2.45227e-05	5.5318
2.7975e-05	6.29709
3.17725e-05	7.12577
3.59497e-05	8.01404
4.05447e-05	8.95307
4.55992e-05	9.92895
5.11591e-05	10.9244
5.7275e-05	11.9215
6.40025e-05	12.9051
7.14027e-05	13.8638
7.9543e-05	14.7921
8.84973e-05	15.689
9.83471e-05	16.5335
0.000109182	17.3649
0.0001211	18.1612
0.00013421	18.9228
0.000148631	19.6509
0.000164494	20.3484
0.000181943	21.0195
0.000201138	21.6679
0.000222252	22.2961
0.000245477	22.906
0.000271024	23.4993
0.000299127	24.0777
0.000330039	24.6427
0.000364043	25.1955
0.000401448	25.7373
0.000442593	26.2693
0.000487852	26.7923
0.000537637	27.3073
0.000592401	27.8151
0.000652641	28.3165
0.000718905	28.812
0.000791795	29.3024
0.000871975	29.7882
0.000960172	30.2699
0.00105719	30.7482
0.00116391	31.2233
0.0012813	31.6959
0.00141043	32.1663
0.00155247	32.635
0.00170872	33.1024
0.00188059	33.5689
0.00206965	34.035
0.00227762	34.5011
0.00250638	34.9677
0.00275801	35.4353
0.00303482	35.9042
0.0033393	36.3753
0.00367423	36.8489
0.00404265	37.3258
0.00444792	37.8068
0.00489371	38.2927
0.00538408	38.7844
0.00592349	39.2831
0.00651683	39.79
0.00716952	40.3067
0.00788747	40.8348
0.00867722	41.3765
0.00954594	41.9344
0.0105015	42.5127
0.0115527	43.1185
0.012709	43.7611
0.0139808	44.4505
0.0153799	45.1907
0.0169189	45.9752
0.0186118	46.7929
0.020474	47.643
0.0225224	48.5422
0.0247756	49.5517
0.0272542	50.2606
0.0299806	50.4073
0.0329797	50.3953
0.0362787	50.3764
0.0399075	50.359
0.0438993	50.3429
0.0482902	50.3279
0.0531202	50.314
0.0584332	50.3009
0.0642776	50.2886
0.0707063	50.2769
0.077778	50.2659
0.0855568	50.2555
0.0941134	50.2456
0.103526	50.2362
0.113526	50.2274
0.123526	50.2198
0.133526	50.2131
0.143526	50.2072
0.153526	50.2019
0.163526	50.1972
0.173526	50.1929
0.183526	50.1891
0.193526	50.1857
0.203526	50.1826
0.213526	50.1798
0.223526	50.1773
0.233526	50.175
0.24353	50.173
0.253533	50.1712
0.263534	50.1696
0.273535	50.1682
0.283535	50.1669
0.293536	50.1658
0.303536	50.1649
0.313536	50.1641
0.323536	50.1634
0.333536	50.1629
0.343536	50.1625
0.353536	50.1622
0.363537	50.162
0.373537	50.1619
0.383537	50.1619
0.393537	50.162
0.403537	50.1622
0.413537	50.1625
0.423537	50.1628
0.433537	50.1632
0.443537	50.1637
0.453537	50.1643
0.463537	50.1649
0.473537	50.1655
0.483537	50.1663
0.493537	50.167
0.503537	50.1678
0.513537	50.1687
0.523537	50.1696
0.533537	50.1705
0.543537	50.1715
0.553537	50.1725
0.563537	50.1735
0.573432	50.1745
0.583278	50.1755
0.593018	50.1766
0.593018	50.1766
0.602635	50.1777
0.612157	50.1787
0.615976	50.1791
0.6215	50.1798
0.630977	50.1808
0.640577	50.1819
0.650323	50.183
0.660117	50.1841
0.670009	50.1852
0.680006	50.1864
0.690004	50.1875
0.700007	50.1886
0.710014	50.1897
0.720026	50.1908
0.730006	50.1919
0.740023	50.1929
0.75001	50.1939
0.759989	50.1949
0.770005	50.1959
0.780014	50.1969
0.789997	50.1978
0.799998	50.1987
0.809998	50.1996
0.819998	50.2004
0.829998	50.2012
0.839998	50.202
0.849999	50.2027
0.859999	50.2034
0.869999	50.204
0.879999	50.2046
0.889999	50.2052
0.899999	50.2057
0.909999	50.2061
0.92	50.2065
0.93	50.2069
0.94	50.2072
0.95	50.2075
0.96	50.2077
0.97	50.2079
0.98	50.208
0.99	50.2081
1	50.2081
)

((xy/key/label "x_30")
0	0
1e-06	0.204973
2.1e-06	0.425452
3.31e-06	0.667988
4.641e-06	0.934789
6.1051e-06	1.22828
7.71561e-06	1.55114
9.48717e-06	1.90629
1.14359e-05	2.29695
1.35795e-05	2.72662
1.59374e-05	3.19909
1.85312e-05	3.71836
2.13843e-05	4.28853
2.45227e-05	4.91347
2.7975e-05	5.59628
3.17725e-05	6.33836
3.59497e-05	7.13821
4.05447e-05	7.99016
4.55992e-05	8.88372
5.11591e-05	9.80437
5.7275e-05	10.7356
6.40025e-05	11.6619
7.14027e-05	12.5707
7.9543e-05	13.4539
8.84973e-05	14.3084
9.83471e-05	15.1141
0.000109182	15.9092
0.0001211	16.6721
0.00013421	17.4024
0.000148631	18.1008
0.000164494	18.7692
0.000181943	19.4113
0.000201138	20.0308
0.000222252	20.6304
0.000245477	21.2119
0.000271024	21.7771
0.000299127	22.3275
0.000330039	22.8645
0.000364043	23.3896
0.000401448	23.9037
0.000442593	24.4081
0.000487852	24.9036
0.000537637	25.3911
0.000592401	25.8715
0.000652641	26.3454
0.000718905	26.8136
0.000791795	27.2766
0.000871975	27.735
0.000960172	28.1894
0.00105719	28.6402
0.00116391	29.0879
0.0012813	29.533
0.00141043	29.9759
0.00155247	30.4169
0.00170872	30.8566
0.00188059	31.2952
0.00206965	31.7332
0.00227762	32.1709
0.00250638	32.6087
0.00275801	33.047
0.00303482	33.4863
0.0033393	33.9269
0.00367423	34.3692
0.00404265	34.8138
0.00444792	35.2611
0.00489371	35.7116
0.00538408	36.166
0.00592349	36.6248
0.00651683	37.0888
0.00716952	37.5588
0.00788747	38.0357
0.00867722	38.5205
0.00954594	39.0144
0.0105015	39.5188
0.0115527	40.0354
0.012709	40.5661
0.0139808	41.1137
0.0153799	41.6831
0.0169189	42.2808
0.0186118	42.9151
0.020474	43.5952
0.0225224	44.325
0.0247756	45.0971
0.0272542	45.8996
0.0299806	46.7338
0.0329797	47.6234
0.0362787	48.6422
0.0399075	49.368
0.0438993	49.5256
0.0482902	49.5211
0.0531202	49.5052
0.0584332	49.4916
0.0642776	49.4794
0.0707063	49.4684
0.077778	49.4582
0.0855568	49.4491
0.0941134	49.4409
0.103526	49.4338
0.113526	49.4278
0.123526	49.4233
0.133526	49.42
0.143526	49.4178
0.153526	49.4165
0.163526	49.4161
0.173526	49.4164
0.183526	49.4175
0.193526	49.4193
0.203526	49.4217
0.213526	49.4247
0.223526	49.4284
0.233526	49.4325
0.243401	49.4373
0.253337	49.4425
0.263303	49.4483
0.273285	49.4546
0.283274	49.4615
0.293266	49.4688
0.303261	49.4767
0.313348	49.4852
0.323346	49.4941
0.333344	49.5036
0.343341	49.5135
0.353338	49.524
0.363331	49.535
0.373311	49.5465
0.383326	49.5586
0.393334	49.5713
0.403277	49.5844
0.413338	49.5983
0.423319	49.6126
0.433299	49.6275
0.443333	49.6431
0.453296	49.6592
0.463333	49.676
0.47331	49.6934
0.483292	49.7115
0.493306	49.7304
0.503262	49.7498
0.513322	49.7702
0.523301	49.7911
0.533285	49.8129
0.543298	49.8355
0.553299	49.859
0.56331	49.8833
0.573282	49.9085
0.583215	49.9345
0.593031	49.9612
0.60281	49.9883
0.612554	50.0171
0.621674	50.0447
0.630695	50.0725
0.640758	50.1055
0.650644	50.139
0.660545	50.1737
0.670509	50.2102
0.680503	50.2483
0.690552	50.2882
0.700538	50.3295
0.710554	50.3729
0.717144	50.4027
0.720513	50.4179
0.730494	50.465
0.740524	50.5146
0.750539	50.5666
0.760508	50.6209
0.770492	50.6781
0.780483	50.7384
0.790466	50.802
0.8	50.8663
)

((xy/key/label "x_40")
0	0
1e-06	0.161569
2.1e-06	0.335367
3.31e-06	0.526558
4.641e-06	0.736885
6.1051e-06	0.968265
7.71561e-06	1.22281
9.48717e-06	1.50283
1.14359e-05	1.81087
1.35795e-05	2.14973
1.59374e-05	2.52244
1.85312e-05	2.93228
2.13843e-05	3.3827
2.45227e-05	3.87725
2.7975e-05	4.41924
3.17725e-05	5.01135
3.59497e-05	5.65481
4.05447e-05	6.34844
4.55992e-05	7.08757
5.11591e-05	7.86355
5.7275e-05	8.66423
6.40025e-05	9.47574
7.14027e-05	10.2847
7.9543e-05	11.0802
8.84973e-05	11.8546
9.83471e-05	12.5872
0.000109182	13.3128
0.0001211	14.0125
0.00013421	14.6847
0.000148631	15.3286
0.000164494	15.9448
0.000181943	16.535
0.000201138	17.1024
0.000222252	17.6502
0.000245477	18.1804
0.000271024	18.6946
0.000299127	19.1942
0.000330039	19.6807
0.000364043	20.1552
0.000401448	20.619
0.000442593	21.0729
0.000487852	21.518
0.000537637	21.9551
0.000592401	22.385
0.000652641	22.8084
0.000718905	23.2259
0.000791795	23.638
0.000871975	24.0455
0.000960172	24.4487
0.00105719	24.8483
0.00116391	25.2445
0.0012813	25.6379
0.00141043	26.0289
0.00155247	26.4179
0.00170872	26.8053
0.00188059	27.1915
0.00188059	27.1915
0.00206965	27.5769
0.00227762	27.9619
0.00250638	28.3469
0.00275801	28.7323
0.00303482	29.1186
0.0033393	29.5062
0.00367423	29.8956
0.00404265	30.2873
0.00444792	30.6817
0.00489371	31.0796
0.00538408	31.4814
0.00538408	31.4814
0.00592349	31.8878
0.00651683	32.2995
0.00716952	32.7173
0.00788747	33.1419
0.00867722	33.5743
0.00954594	34.0154
0.0105015	34.4663
0.0115527	34.9282
0.012709	35.4024
0.0139808	35.8904
0.0153799	36.394
0.0169189	36.9151
0.0186118	37.4567
0.020474	38.024
0.0225224	38.6236
0.0247756	39.2622
0.0272542	39.9464
0.0299806	40.6839
0.0329797	41.4802
0.0362787	42.3239
0.0399075	43.1825
0.0438993	44.0605
0.0482902	45.0706
0.0531202	46.0501
0.0584332	46.526
0.0642776	46.5734
0.0707063	46.5578
0.077778	46.5404
0.0855568	46.5267
0.0941134	46.514
0.103526	46.5018
0.113526	46.4903
0.123526	46.4802
0.133526	46.471
0.143526	46.4627
0.153526	46.455
0.163526	46.4479
0.173526	46.4413
0.183526	46.435
0.193526	46.4291
0.203526	46.4235
0.213526	46.4182
0.223526	46.413
0.233526	46.4081
0.2433	46.4033
0.253187	46.3987
0.263231	46.3942
0.273187	46.3898
0.283198	46.3854
0.293206	46.3811
0.303233	46.3769
0.313165	46.3727
0.323163	46.3686
0.333179	46.3645
0.343181	46.3605
0.353149	46.3564
0.363133	46.3524
0.37313	46.3484
0.383063	46.3444
0.3931	46.3404
0.403052	46.3363
0.413032	46.3323
0.423036	46.3282
0.433036	46.324
0.443064	46.3199
0.453079	46.3157
0.463053	46.3115
0.473023	46.3072
0.483008	46.3029
0.493023	46.2985
0.502967	46.2941
0.512977	46.2895
0.516087	46.2881
0.522903	46.285
0.532887	46.2804
0.542892	46.2757
0.552857	46.2709
0.562893	46.266
0.572831	46.2611
0.582861	46.256
0.592786	46.2509
0.602745	46.2458
0.612782	46.2405
0.622695	46.2351
0.632719	46.229
0.642443	46.2227
0.651426	46.218
0.65964	46.2147
0.661929	46.2135
0.668771	46.2098
0.678678	46.2033
0.688716	46.1967
0.698768	46.1903
0.708824	46.1839
0.718851	46.1774
0.728878	46.1708
0.738906	46.164
0.748935	46.1571
0.758965	46.15
0.768995	46.1429
0.779027	46.1355
0.784936	46.1311
0.789064	46.1281
0.799107	46.1205
0.80915	46.1127
0.819192	46.1048
0.829233	46.0968
0.839274	46.0886
0.849313	46.0803
0.859351	46.0718
0.869389	46.0631
0.879426	46.0543
0.889462	46.0453
0.899498	46.0363
0.909533	46.0269
0.917113	46.0198
0.919566	46.0175
0.929597	46.0079
0.939629	45.9982
0.949661	45.9881
0.959694	45.9778
0.969727	45.9673
0.97976	45.9566
0.989794	45.9456
0.999827	45.9343
1	45.9341
)

((xy/key/label "x_45")
0	0
1e-06	0.144329
2.1e-06	0.29958
3.31e-06	0.470369
4.641e-06	0.658252
6.1051e-06	0.864941
7.71561e-06	1.09232
9.48717e-06	1.34246
1.14359e-05	1.61764
1.35795e-05	1.92034
1.59374e-05	2.25331
1.85312e-05	2.61949
2.13843e-05	3.02204
2.45227e-05	3.46424
2.7975e-05	3.94933
3.17725e-05	4.48016
3.59497e-05	5.05863
4.05447e-05	5.68491
4.55992e-05	6.35638
5.11591e-05	7.06694
5.7275e-05	7.80688
6.40025e-05	8.56397
7.14027e-05	9.32533
7.9543e-05	10.0795
8.84973e-05	10.8176
9.83471e-05	11.5179
0.000109182	12.2127
0.0001211	12.8839
0.00013421	13.5303
0.000148631	14.1507
0.000164494	14.7448
0.000181943	15.3135
0.000201138	15.8591
0.000222252	16.3851
0.000245477	16.8936
0.000271024	17.3863
0.000299127	17.8646
0.000330039	18.3298
0.000364043	18.7832
0.000401448	19.2257
0.000442593	19.6585
0.000487852	20.0824
0.000537637	20.4983
0.000592401	20.9069
0.000652641	21.3089
0.000718905	21.7049
0.000791795	22.0955
0.000871975	22.4812
0.000960172	22.8625
0.00105719	23.24
0.00116391	23.6139
0.0012813	23.9848
0.00141043	24.3529
0.00155247	24.7188
0.00170872	25.0828
0.00188059	25.4452
0.00206965	25.8064
0.00227762	26.1668
0.00250638	26.5267
0.00275801	26.8866
0.00303482	27.2469
0.0033393	27.6079
0.00367423	27.9702
0.00404265	28.3341
0.00444792	28.7002
0.00489371	29.0691
0.00538408	29.4413
0.00592349	29.8174
0.00651683	30.1981
0.00716952	30.5841
0.00788747	30.9763
0.00867722	31.3755
0.00954594	31.7827
0.0105015	32.1989
0.0115527	32.6253
0.012709	33.0633
0.0139808	33.5142
0.0153799	33.9797
0.0169189	34.4617
0.0186118	34.9622
0.020474	35.4837
0.0225224	36.03
0.0247756	36.6071
0.0272542	37.2234
0.0299806	37.8869
0.0329797	38.6067
0.0362787	39.3886
0.0399075	40.2277
0.0438993	41.1042
0.0482902	41.9968
0.0531202	42.9178
0.0584332	43.9826
0.0642776	44.8085
0.0707063	45.0404
0.077778	45.0423
0.0855568	45.0228
0.0941134	45.007
0.103526	44.9936
0.113526	44.9811
0.123526	44.9698
0.133526	44.9596
0.143526	44.9504
0.153526	44.9418
0.163526	44.9338
0.173526	44.9263
0.183526	44.9192
0.193526	44.9124
0.203526	44.906
0.213526	44.8998
0.223526	44.8938
0.233526	44.888
0.243327	44.8824
0.253226	44.877
0.263285	44.8715
0.273267	44.8663
0.28325	44.8611
0.293217	44.856
0.303236	44.8509
0.313271	44.8458
0.323229	44.8408
0.333199	44.8359
0.343247	44.8309
0.353271	44.826
0.363247	44.8211
0.373217	44.8163
0.383207	44.8114
0.393239	44.8065
0.403199	44.8016
0.413231	44.7967
0.423199	44.7918
0.433132	44.7869
0.443106	44.7819
0.453082	44.777
0.463085	44.7719
0.473037	44.7669
0.48305	44.7618
0.49307	44.7567
0.503088	44.7515
0.513068	44.7464
0.523057	44.7411
0.533013	44.7359
0.541514	44.7313
0.543013	44.7305
0.552955	44.7252
0.562939	44.7198
0.57293	44.7143
0.582962	44.7088
0.592915	44.7032
0.602856	44.6976
0.612892	44.6919
0.622822	44.6863
0.632868	44.6805
0.643149	44.6745
0.653606	44.6675
0.664159	44.6607
0.674791	44.6553
0.685611	44.6493
0.696417	44.6427
0.707079	44.6358
0.717504	44.6289
0.727892	44.6221
0.738104	44.6156
0.748163	44.609
0.758189	44.6024
0.768215	44.5957
0.775284	44.5909
0.778245	44.5889
0.788285	44.5821
0.798324	44.5751
0.808362	44.5682
0.8184	44.5611
0.828437	44.554
0.838472	44.5468
0.848508	44.5395
0.858542	44.5321
0.868576	44.5247
0.878609	44.5172
0.888642	44.5097
0.898674	44.502
0.908705	44.4943
0.918736	44.4865
0.922229	44.4838
0.928763	44.4787
0.938789	44.4708
0.948816	44.4628
0.958843	44.4548
0.968871	44.4468
0.978899	44.4386
0.988927	44.4303
0.998956	44.4218
1	44.4209
)

((xy/key/label "x_50")
0	0
1e-06	0.130825
2.1e-06	0.271551
3.31e-06	0.426359
4.641e-06	0.596662
6.1051e-06	0.784009
7.71561e-06	0.99011
9.48717e-06	1.21684
1.14359e-05	1.46626
1.35795e-05	1.74065
1.59374e-05	2.04247
1.85312e-05	2.37442
2.13843e-05	2.7394
2.45227e-05	3.14047
2.7975e-05	3.58071
3.17725e-05	4.06301
3.59497e-05	4.58963
4.05447e-05	5.16154
4.55992e-05	5.77755
5.11591e-05	6.43346
5.7275e-05	7.12166
6.40025e-05	7.8316
7.14027e-05	8.55128
7.9543e-05	9.26918
8.84973e-05	9.97579
9.83471e-05	10.6484
0.000109182	11.3168
0.0001211	11.9636
0.00013421	12.5879
0.000148631	13.1882
0.000164494	13.7639
0.000181943	14.3151
0.000201138	14.8434
0.000222252	15.3517
0.000245477	15.8425
0.000271024	16.3177
0.000299127	16.7786
0.000330039	17.2265
0.000364043	17.6626
0.000401448	18.088
0.000442593	18.5036
0.000487852	18.9104
0.000537637	19.3091
0.000592401	19.7005
0.000652641	20.0853
0.000718905	20.464
0.000791795	20.8372
0.000871975	21.2055
0.000960172	21.5693
0.00105719	21.929
0.00116391	22.2851
0.0012813	22.6379
0.00141043	22.9879
0.00155247	23.3353
0.00170872	23.6805
0.00188059	24.0239
0.00206965	24.3658
0.00227762	24.7064
0.00250638	25.0463
0.00275801	25.3857
0.00303482	25.7249
0.0033393	26.0644
0.00367423	26.4046
0.00404265	26.7459
0.00444792	27.0887
0.00489371	27.4335
0.00538408	27.7809
0.00592349	28.1314
0.00651683	28.4857
0.00716952	28.8443
0.00788747	29.2082
0.00867722	29.578
0.00954594	29.9548
0.0105015	30.3394
0.0115527	30.733
0.012709	31.1368
0.0139808	31.5522
0.0153799	31.9807
0.0169189	32.4241
0.0186118	32.8843
0.020474	33.3635
0.0225224	33.8643
0.0247756	34.3897
0.0272542	34.9443
0.0299806	35.5365
0.0329797	36.1768
0.0362787	36.8745
0.0399075	37.6373
0.0438993	38.4676
0.0482902	39.3492
0.0531202	40.2423
0.0584332	41.144
0.0642776	42.1816
0.0707063	43.183
0.077778	43.6533
0.0855568	43.6926
0.0941134	43.6758
0.103526	43.6581
0.113526	43.6446
0.123526	43.6328
0.133526	43.6222
0.143526	43.6125
0.153526	43.6035
0.163526	43.5953
0.173526	43.5875
0.183526	43.5802
0.193526	43.5733
0.203526	43.5667
0.213526	43.5604
0.223526	43.5543
0.233526	43.5484
0.243349	43.5428
0.253258	43.5373
0.263312	43.5319
0.273297	43.5267
0.283286	43.5215
0.293274	43.5164
0.303245	43.5115
0.313251	43.5065
0.32329	43.5016
0.333247	43.4968
0.34323	43.492
0.35325	43.4873
0.363265	43.4826
0.373179	43.4779
0.383258	43.4732
0.393232	43.4686
0.403145	43.464
0.413119	43.4593
0.423071	43.4547
0.433071	43.4501
0.443049	43.4454
0.453047	43.4408
0.463032	43.4361
0.47303	43.4314
0.482989	43.4268
0.493011	43.4221
0.503009	43.4173
0.513017	43.4126
0.523006	43.4078
0.533003	43.403
0.54302	43.3982
0.553006	43.3933
0.563016	43.3885
0.566862	43.3866
0.572987	43.3836
0.582972	43.3786
0.592978	43.3737
0.602939	43.3687
0.612944	43.3636
0.622902	43.3586
0.632926	43.3535
0.642902	43.3484
0.652918	43.3433
0.662875	43.3379
0.672915	43.3321
0.683065	43.3264
0.69328	43.3216
0.703624	43.3164
0.713959	43.3109
0.724251	43.3055
0.734415	43.2997
0.744448	43.2938
0.754479	43.2881
0.760242	43.2849
0.764508	43.2825
0.774544	43.2768
0.784579	43.2711
0.794614	43.2653
0.804649	43.2594
0.814682	43.2535
0.824715	43.2476
0.834748	43.2416
0.844779	43.2356
0.854811	43.2295
0.864841	43.2234
0.874871	43.2172
0.884901	43.211
0.89493	43.2047
0.904958	43.1984
0.914986	43.192
0.923183	43.1868
0.925013	43.1856
0.935034	43.1792
0.945056	43.1727
0.955079	43.1662
0.965102	43.1596
0.975125	43.153
0.985149	43.1464
0.995173	43.1397
1	43.1365
)

((xy/key/label "x_55")
0	0
1e-06	0.120044
2.1e-06	0.249172
3.31e-06	0.391222
4.641e-06	0.547488
6.1051e-06	0.719393
7.71561e-06	0.908505
9.48717e-06	1.11655
1.14359e-05	1.34541
1.35795e-05	1.59717
1.59374e-05	1.87412
1.85312e-05	2.17873
2.13843e-05	2.51369
2.45227e-05	2.88185
2.7975e-05	3.28614
3.17725e-05	3.72942
3.59497e-05	4.2141
4.05447e-05	4.74167
4.55992e-05	5.31189
5.11591e-05	5.922
5.7275e-05	6.56608
6.40025e-05	7.23518
7.14027e-05	7.91833
7.9543e-05	8.60427
8.84973e-05	9.28311
9.83471e-05	9.93177
0.000109182	10.5778
0.0001211	11.2037
0.00013421	11.8089
0.000148631	12.392
0.000164494	12.9518
0.000181943	13.4883
0.000201138	14.0022
0.000222252	14.4958
0.000245477	14.9719
0.000271024	15.4325
0.000299127	15.879
0.000330039	16.3126
0.000364043	16.7344
0.000401448	17.1455
0.000442593	17.547
0.000487852	17.9396
0.000537637	18.3242
0.000592401	18.7015
0.000652641	19.0721
0.000718905	19.4366
0.000791795	19.7957
0.000871975	20.1497
0.000960172	20.4991
0.00105719	20.8444
0.00116391	21.186
0.0012813	21.5242
0.00141043	21.8593
0.00155247	22.1918
0.00170872	22.5219
0.00188059	22.8499
0.00206965	23.1762
0.00227762	23.501
0.00250638	23.8247
0.00275801	24.1476
0.00303482	24.47
0.0033393	24.7922
0.00367423	25.1146
0.00404265	25.4377
0.00444792	25.7617
0.00489371	26.0871
0.00538408	26.4145
0.00592349	26.7442
0.00651683	27.0769
0.00716952	27.4132
0.00788747	27.7537
0.00867722	28.0993
0.00954594	28.4506
0.0105015	28.8087
0.0115527	29.1744
0.012709	29.549
0.0139808	29.9337
0.0153799	30.3299
0.0169189	30.7392
0.0186118	31.1633
0.020474	31.6044
0.0225224	32.0646
0.0247756	32.5467
0.0272542	33.0538
0.0299806	33.5896
0.0329797	34.1611
0.0362787	34.7791
0.0399075	35.4554
0.0438993	36.2002
0.0482902	37.0178
0.0531202	37.8928
0.0584332	38.7872
0.0642776	39.6909
0.0707063	40.6806
0.077778	41.7492
0.0855568	42.3988
0.0941134	42.498
0.103526	42.4872
0.113526	42.469
0.123526	42.4559
0.133526	42.445
0.143526	42.4349
0.153526	42.4257
0.163526	42.4172
0.173526	42.4093
0.183526	42.4019
0.193526	42.3949
0.203526	42.3882
0.213526	42.3819
0.223526	42.3759
0.233526	42.37
0.243368	42.3645
0.253288	42.3592
0.263245	42.3539
0.273222	42.3488
0.283208	42.3438
0.293198	42.3389
0.303192	42.3342
0.313283	42.3294
0.323268	42.3248
0.333266	42.3203
0.343267	42.3158
0.353277	42.3113
0.363279	42.3069
0.373253	42.3026
0.383294	42.2982
0.393248	42.294
0.403288	42.2897
0.413308	42.2854
0.423288	42.2812
0.433259	42.277
0.443186	42.2729
0.453213	42.2687
0.463163	42.2645
0.473172	42.2603
0.483144	42.2561
0.493181	42.2519
0.503147	42.2478
0.513171	42.2436
0.523134	42.2394
0.533139	42.2352
0.543135	42.2309
0.553113	42.2267
0.563101	42.2224
0.573111	42.2182
0.583102	42.2139
0.592638	42.2098
0.59309	42.2096
0.603016	42.2053
0.612995	42.201
0.622946	42.1966
0.633024	42.1922
0.642994	42.1878
0.652939	42.1834
0.662943	42.179
0.672839	42.1746
0.682622	42.17
0.692189	42.1652
0.701632	42.1607
0.711091	42.1568
0.720453	42.153
0.729859	42.1485
0.73933	42.1443
0.748906	42.14
0.749069	42.1399
0.758622	42.1352
0.768491	42.1303
0.778504	42.1254
0.788462	42.1207
0.798494	42.1158
0.808525	42.1109
0.818555	42.106
0.828585	42.1011
0.838614	42.0961
0.848643	42.0911
0.858671	42.086
0.868698	42.081
0.878726	42.0758
0.888752	42.0707
0.898778	42.0655
0.908804	42.0603
0.918829	42.055
0.923315	42.0527
0.92885	42.0498
0.938869	42.0445
0.948888	42.0391
0.958908	42.0337
0.968928	42.0283
0.978948	42.0229
0.988969	42.0174
0.99899	42.0119
1	42.0114
)

((xy/key/label "x_57")
0	0
1e-06	0.116308
2.1e-06	0.241417
3.31e-06	0.379046
4.641e-06	0.530448
6.1051e-06	0.697003
7.71561e-06	0.880227
9.48717e-06	1.08179
1.14359e-05	1.30353
1.35795e-05	1.54746
1.59374e-05	1.81578
1.85312e-05	2.11092
2.13843e-05	2.43547
2.45227e-05	2.79221
2.7975e-05	3.18402
3.17725e-05	3.61372
3.59497e-05	4.08377
4.05447e-05	4.5958
4.55992e-05	5.14985
5.11591e-05	5.74365
5.7275e-05	6.37184
6.40025e-05	7.02608
7.14027e-05	7.69581
7.9543e-05	8.36995
8.84973e-05	9.03854
9.83471e-05	9.67846
0.000109182	10.3164
0.0001211	10.9348
0.00013421	11.533
0.000148631	12.1097
0.000164494	12.6638
0.000181943	13.195
0.000201138	13.7037
0.000222252	14.1921
0.000245477	14.6629
0.000271024	15.1183
0.000299127	15.5596
0.000330039	15.9881
0.000364043	16.4049
0.000401448	16.811
0.000442593	17.2074
0.000487852	17.595
0.000537637	17.9746
0.000592401	18.3468
0.000652641	18.7124
0.000718905	19.072
0.000791795	19.426
0.000871975	19.7749
0.000960172	20.1193
0.00105719	20.4596
0.00116391	20.796
0.0012813	21.1291
0.00141043	21.459
0.00155247	21.7863
0.00170872	22.1111
0.00188059	22.4337
0.00206965	22.7546
0.00227762	23.0739
0.00250638	23.392
0.00275801	23.7092
0.00303482	24.0257
0.0033393	24.3419
0.00367423	24.6582
0.00404265	24.975
0.00444792	25.2925
0.00489371	25.6112
0.00538408	25.9316
0.00592349	26.2542
0.00651683	26.5794
0.00716952	26.908
0.00788747	27.2404
0.00867722	27.5775
0.00954594	27.92
0.0105015	28.2688
0.0115527	28.6248
0.012709	28.9892
0.0139808	29.363
0.0153799	29.7478
0.0169189	30.1449
0.0186118	30.5561
0.020474	30.9834
0.0225224	31.429
0.0247756	31.8954
0.0272542	32.3855
0.0299806	32.9027
0.0329797	33.4519
0.0362787	34.0422
0.0399075	34.6864
0.0438993	35.3965
0.0482902	36.1787
0.0531202	37.0277
0.0584332	37.9204
0.0642776	38.8239
0.0707063	39.7402
0.077778	40.8188
0.0855568	41.737
0.0941134	42.0488
0.103526	42.0562
0.113526	42.0381
0.123526	42.0236
0.133526	42.0123
0.143526	42.0023
0.153526	41.993
0.163526	41.9844
0.173526	41.9764
0.183526	41.9689
0.193526	41.9619
0.203526	41.9553
0.213526	41.949
0.223526	41.9429
0.233526	41.9372
0.243378	41.9317
0.253303	41.9264
0.263263	41.9212
0.273241	41.9161
0.283328	41.9112
0.293323	41.9064
0.303318	41.9017
0.313312	41.8971
0.323295	41.8926
0.333281	41.8881
0.343316	41.8837
0.353297	41.8794
0.363273	41.8752
0.373291	41.8709
0.383315	41.8668
0.393265	41.8627
0.403283	41.8585
0.413312	41.8544
0.423279	41.8504
0.433256	41.8464
0.443284	41.8423
0.453198	41.8384
0.463227	41.8344
0.473193	41.8304
0.483184	41.8264
0.493203	41.8224
0.503176	41.8184
0.513176	41.8144
0.523257	41.8104
0.533255	41.8064
0.543249	41.8024
0.55316	41.7985
0.563141	41.7945
0.573095	41.7904
0.583134	41.7864
0.593143	41.7823
0.603073	41.7783
0.607322	41.7766
0.613071	41.7742
0.623039	41.7701
0.633044	41.766
0.643012	41.7619
0.653016	41.7577
0.663017	41.7536
0.672967	41.7495
0.682937	41.7453
0.692789	41.7408
0.70265	41.736
0.712426	41.732
0.722271	41.7282
0.732172	41.724
0.74126	41.7202
0.742132	41.7199
0.752102	41.7157
0.762116	41.7113
0.77211	41.7066
0.782078	41.702
0.792128	41.6975
0.802143	41.693
0.812116	41.6885
0.822141	41.6839
0.832139	41.6793
0.84215	41.6747
0.85216	41.67
0.86219	41.6653
0.872206	41.6606
0.882212	41.6558
0.892225	41.6511
0.902236	41.6462
0.912254	41.6414
0.920045	41.6376
0.922257	41.6365
0.932274	41.6316
0.942296	41.6267
0.95229	41.6217
0.962288	41.6167
0.972346	41.6117
0.982333	41.6066
0.992325	41.6016
1	41.5976
)

((xy/key/label "x_60")
0	0
1e-06	0.111197
2.1e-06	0.230808
3.31e-06	0.362388
4.641e-06	0.507135
6.1051e-06	0.666369
7.71561e-06	0.84154
9.48717e-06	1.03424
1.14359e-05	1.24623
1.35795e-05	1.47944
1.59374e-05	1.73597
1.85312e-05	2.01814
2.13843e-05	2.32844
2.45227e-05	2.66956
2.7975e-05	3.04428
3.17725e-05	3.45537
3.59497e-05	3.90532
4.05447e-05	4.39593
4.55992e-05	4.92763
5.11591e-05	5.49873
5.7275e-05	6.10467
6.40025e-05	6.73794
7.14027e-05	7.38863
7.9543e-05	8.04595
8.84973e-05	8.6999
9.83471e-05	9.32733
0.000109182	9.95375
0.0001211	10.5615
0.00013421	11.1497
0.000148631	11.7174
0.000164494	12.2634
0.000181943	12.7871
0.000201138	13.2887
0.000222252	13.7699
0.000245477	14.2335
0.000271024	14.6816
0.000299127	15.1158
0.000330039	15.5371
0.000364043	15.9468
0.000401448	16.3459
0.000442593	16.7353
0.000487852	17.1159
0.000537637	17.4885
0.000592401	17.8538
0.000652641	18.2125
0.000718905	18.5651
0.000791795	18.9121
0.000871975	19.2541
0.000960172	19.5915
0.00105719	19.9247
0.00116391	20.2541
0.0012813	20.5801
0.00141043	20.9029
0.00155247	21.223
0.00170872	21.5405
0.00188059	21.8558
0.00206965	22.1692
0.00227762	22.4809
0.00250638	22.7913
0.00275801	23.1007
0.00303482	23.4092
0.0033393	23.7173
0.00367423	24.0252
0.00404265	24.3333
0.00444792	24.642
0.00489371	24.9516
0.00538408	25.2626
0.00592349	25.5754
0.00651683	25.8905
0.00716952	26.2085
0.00788747	26.5299
0.00867722	26.8555
0.00954594	27.186
0.0105015	27.5221
0.0115527	27.8648
0.012709	28.2151
0.0139808	28.5741
0.0153799	28.9431
0.0169189	29.3235
0.0186118	29.717
0.020474	30.1253
0.0225224	30.5506
0.0247756	30.9951
0.0272542	31.4617
0.0299806	31.9535
0.0329797	32.474
0.0362787	33.0291
0.0399075	33.6294
0.0438993	34.2883
0.0482902	35.0178
0.0531202	35.8224
0.0584332	36.6884
0.0642776	37.5823
0.0707063	38.4865
0.077778	39.4441
0.0855568	40.5318
0.0941134	41.2833
0.103526	41.4356
0.113526	41.4285
0.123526	41.4114
0.133526	41.3988
0.143526	41.3886
0.153526	41.3792
0.163526	41.3705
0.173526	41.3625
0.183526	41.355
0.193526	41.3479
0.203526	41.3413
0.213526	41.335
0.223526	41.329
0.233526	41.3232
0.243401	41.3178
0.253337	41.3126
0.263362	41.3074
0.273334	41.3025
0.283358	41.2977
0.293317	41.293
0.303334	41.2885
0.313347	41.284
0.323305	41.2797
0.333346	41.2754
0.343319	41.2712
0.353296	41.2671
0.363336	41.263
0.373309	41.259
0.383283	41.2551
0.393327	41.2512
0.403298	41.2473
0.413274	41.2435
0.42315	41.2397
0.43303	41.236
0.442948	41.2323
0.452885	41.2286
0.462862	41.2249
0.472808	41.2212
0.48281	41.2175
0.492782	41.2138
0.502709	41.2102
0.512726	41.2065
0.522751	41.2029
0.532708	41.1992
0.542703	41.1956
0.552715	41.1919
0.562687	41.1883
0.572674	41.1846
0.582668	41.1809
0.592659	41.1773
0.602647	41.1736
0.612605	41.1699
0.622542	41.1663
0.632574	41.1625
0.642588	41.1588
0.650047	41.156
0.652511	41.1551
0.662564	41.1513
0.672594	41.1476
0.682534	41.1439
0.692509	41.14
0.702279	41.1361
0.711787	41.132
0.7212	41.1284
0.730735	41.1252
0.740308	41.1215
0.750135	41.1177
0.760133	41.1141
0.770176	41.1103
0.78021	41.1061
0.790237	41.1019
0.800264	41.0978
0.810291	41.0937
0.820317	41.0897
0.830342	41.0856
0.840367	41.0815
0.850392	41.0773
0.860416	41.0732
0.870439	41.069
0.880462	41.0648
0.890485	41.0605
0.900507	41.0562
0.910529	41.0519
0.915365	41.0498
0.920547	41.0476
0.930562	41.0433
0.940577	41.0389
0.950593	41.0345
0.960609	41.03
0.970626	41.0256
0.980643	41.0211
0.990661	41.0166
1	41.0124
)

((xy/key/label "x_62")
0	0
1e-06	0.108063
2.1e-06	0.224304
3.31e-06	0.352176
4.641e-06	0.492844
6.1051e-06	0.64759
7.71561e-06	0.817823
9.48717e-06	1.0051
1.14359e-05	1.21111
1.35795e-05	1.43774
1.59374e-05	1.68705
1.85312e-05	1.96126
2.13843e-05	2.26283
2.45227e-05	2.59437
2.7975e-05	2.9586
3.17725e-05	3.35825
3.59497e-05	3.79585
4.05447e-05	4.27325
4.55992e-05	4.79112
5.11591e-05	5.34808
5.7275e-05	5.94009
6.40025e-05	6.56013
7.14027e-05	7.19873
7.9543e-05	7.84534
8.84973e-05	8.48993
9.83471e-05	9.10938
0.000109182	9.72847
0.0001211	10.3293
0.00013421	10.9113
0.000148631	11.4733
0.000164494	12.0141
0.000181943	12.533
0.000201138	13.0301
0.000222252	13.507
0.000245477	13.9661
0.000271024	14.4097
0.000299127	14.8394
0.000330039	15.2563
0.000364043	15.6615
0.000401448	16.0562
0.000442593	16.4413
0.000487852	16.8176
0.000537637	17.1858
0.000592401	17.5468
0.000652641	17.9011
0.000718905	18.2494
0.000791795	18.5921
0.000871975	18.9298
0.000960172	19.2628
0.00105719	19.5917
0.00116391	19.9167
0.0012813	20.2383
0.00141043	20.5567
0.00155247	20.8723
0.00170872	21.1853
0.00188059	21.4961
0.00206965	21.8049
0.00227762	22.112
0.00250638	22.4177
0.00275801	22.7222
0.00303482	23.0258
0.0033393	23.3289
0.00367423	23.6317
0.00404265	23.9346
0.00444792	24.2379
0.00489371	24.542
0.00538408	24.8472
0.00592349	25.1541
0.00651683	25.463
0.00716952	25.7746
0.00788747	26.0894
0.00867722	26.408
0.00954594	26.7312
0.0105015	27.0596
0.0115527	27.3943
0.012709	27.736
0.0139808	28.086
0.0153799	28.4455
0.0169189	28.8157
0.0186118	29.1983
0.020474	29.595
0.0225224	30.0077
0.0247756	30.4388
0.0272542	30.8909
0.0299806	31.3669
0.0329797	31.8703
0.0362787	32.4055
0.0399075	32.9807
0.0438993	33.6092
0.0482902	34.3042
0.0531202	35.0734
0.0584332	35.9129
0.0642776	36.8004
0.0707063	37.6988
0.077778	38.6066
0.0855568	39.6736
0.0941134	40.6421
0.103526	41.0243
0.113526	41.0407
0.123526	41.0247
0.133526	41.0106
0.143526	41.0001
0.153526	40.9907
0.163526	40.9819
0.173526	40.9738
0.183526	40.9663
0.193526	40.9593
0.203526	40.9527
0.213526	40.9464
0.223526	40.9404
0.233526	40.9348
0.243425	40.9294
0.253372	40.9242
0.263344	40.9192
0.273329	40.9143
0.283319	40.9096
0.293312	40.9051
0.303307	40.9006
0.313302	40.8963
0.323298	40.8921
0.333294	40.888
0.343291	40.8839
0.353287	40.8799
0.363284	40.876
0.37337	40.8721
0.383368	40.8683
0.393363	40.8646
0.403351	40.8609
0.413319	40.8573
0.423311	40.8537
0.433297	40.8501
0.443309	40.8465
0.453273	40.843
0.463288	40.8395
0.473262	40.836
0.483201	40.8326
0.493221	40.8291
0.503233	40.8257
0.513196	40.8223
0.52323	40.8189
0.533202	40.8155
0.543173	40.8121
0.553197	40.8087
0.563129	40.8053
0.5731	40.8019
0.583135	40.7985
0.5931	40.7951
0.603056	40.7917
0.613026	40.7883
0.623005	40.7849
0.633019	40.7815
0.643043	40.778
0.653002	40.7746
0.663012	40.7711
0.672937	40.7677
0.682822	40.7643
0.692014	40.7612
0.692827	40.7609
0.702879	40.7572
0.712862	40.7534
0.722749	40.7497
0.732666	40.7464
0.742512	40.7432
0.752456	40.7396
0.762445	40.7362
0.772437	40.7329
0.782457	40.7292
0.792476	40.7254
0.802494	40.7215
0.812505	40.7178
0.822535	40.7141
0.832555	40.7104
0.842498	40.7066
0.852492	40.7029
0.862505	40.6991
0.872545	40.6952
0.882644	40.6914
0.892668	40.6875
0.902691	40.6836
0.907922	40.6815
0.912708	40.6797
0.922721	40.6757
0.932734	40.6718
0.942748	40.6678
0.952762	40.6638
0.962777	40.6597
0.972792	40.6556
0.982808	40.6516
0.992824	40.6474
1	40.6445
)

((xy/key/label "x_65")
0	0
1e-06	0.103692
2.1e-06	0.21523
3.31e-06	0.337929
4.641e-06	0.472906
6.1051e-06	0.621392
7.71561e-06	0.784738
9.48717e-06	0.964433
1.14359e-05	1.16211
1.35795e-05	1.37958
1.59374e-05	1.61879
1.85312e-05	1.88192
2.13843e-05	2.17131
2.45227e-05	2.48947
2.7975e-05	2.83905
3.17725e-05	3.22274
3.59497e-05	3.64304
4.05447e-05	4.10194
4.55992e-05	4.60033
5.11591e-05	5.13733
5.7275e-05	5.70953
6.40025e-05	6.31064
7.14027e-05	6.93183
7.9543e-05	7.56292
8.84973e-05	8.19393
9.83471e-05	8.80181
0.000109182	9.41025
0.0001211	10.0012
0.00013421	10.574
0.000148631	11.1277
0.000164494	11.661
0.000181943	12.1731
0.000201138	12.6638
0.000222252	13.1344
0.000245477	13.5871
0.000271024	14.0243
0.000299127	14.4475
0.000330039	14.8581
0.000364043	15.2571
0.000401448	15.6456
0.000442593	16.0245
0.000487852	16.3946
0.000537637	16.7567
0.000592401	17.1115
0.000652641	17.4597
0.000718905	17.8018
0.000791795	18.1384
0.000871975	18.47
0.000960172	18.7969
0.00105719	19.1196
0.00116391	19.4385
0.0012813	19.7539
0.00141043	20.0661
0.00155247	20.3755
0.00170872	20.6822
0.00188059	20.9866
0.00206965	21.289
0.00227762	21.5896
0.00250638	21.8887
0.00275801	22.1866
0.00303482	22.4835
0.0033393	22.7796
0.00367423	23.0754
0.00404265	23.371
0.00444792	23.6669
0.00489371	23.9633
0.00538408	24.2606
0.00592349	24.5594
0.00651683	24.8599
0.00716952	25.1627
0.00788747	25.4684
0.00867722	25.7774
0.00954594	26.0906
0.0105015	26.4085
0.0115527	26.7321
0.012709	27.0622
0.0139808	27.3999
0.0153799	27.7462
0.0169189	28.1025
0.0186118	28.4702
0.020474	28.8509
0.0225224	29.2465
0.0247756	29.6591
0.0272542	30.0912
0.0299806	30.5454
0.0329797	31.0251
0.0362787	31.5339
0.0399075	32.0772
0.0438993	32.665
0.0482902	33.3113
0.0531202	34.0295
0.0584332	34.8244
0.0642776	35.6827
0.0707063	36.5724
0.077778	37.4734
0.0855568	38.4173
0.0941134	39.5079
0.103526	40.3011
0.113526	40.4763
0.123526	40.4718
0.133526	40.4558
0.143526	40.4437
0.153526	40.4342
0.163526	40.4255
0.173526	40.4173
0.183526	40.4098
0.193526	40.4027
0.203526	40.3961
0.213526	40.3899
0.223526	40.384
0.233526	40.3784
0.243472	40.3731
0.253444	40.368
0.263429	40.3632
0.27342	40.3585
0.283414	40.3539
0.29341	40.3496
0.303406	40.3453
0.313404	40.3412
0.323401	40.3372
0.333398	40.3333
0.343396	40.3295
0.353393	40.3258
0.36339	40.3221
0.373388	40.3186
0.383385	40.3151
0.393383	40.3116
0.40338	40.3083
0.413378	40.3049
0.423376	40.3016
0.433373	40.2984
0.443371	40.2952
0.453368	40.292
0.463366	40.2889
0.473431	40.2858
0.48343	40.2827
0.493427	40.2797
0.503423	40.2766
0.513408	40.2736
0.523433	40.2706
0.533405	40.2677
0.54343	40.2647
0.553402	40.2617
0.563414	40.2588
0.573415	40.2559
0.583428	40.2529
0.593396	40.25
0.603408	40.2471
0.613409	40.2442
0.623409	40.2413
0.633407	40.2384
0.643454	40.2355
0.653508	40.2326
0.663607	40.2296
0.673705	40.2267
0.683826	40.2237
0.693887	40.2208
0.703903	40.2179
0.713757	40.2148
0.723445	40.2117
0.733105	40.2089
0.742691	40.2061
0.745102	40.2053
0.752304	40.203
0.761938	40.2004
0.771555	40.1979
0.781067	40.1952
0.790656	40.1924
0.800397	40.1893
0.810306	40.186
0.820255	40.1829
0.830257	40.1798
0.840265	40.1768
0.850267	40.1736
0.860278	40.1705
0.864834	40.1691
0.870308	40.1673
0.880322	40.1641
0.890348	40.1609
0.900461	40.1577
0.910469	40.1544
0.920494	40.1512
0.930501	40.1479
0.940513	40.1446
0.95052	40.1412
0.960552	40.1379
0.970556	40.1345
0.980563	40.1311
0.990597	40.1276
1	40.1244
)

((xy/key/label "x_67")
0	0
1e-06	0.100945
2.1e-06	0.209529
3.31e-06	0.328977
4.641e-06	0.460379
6.1051e-06	0.604931
7.71561e-06	0.763949
9.48717e-06	0.938884
1.14359e-05	1.13133
1.35795e-05	1.34303
1.59374e-05	1.57591
1.85312e-05	1.83207
2.13843e-05	2.1138
2.45227e-05	2.42356
2.7975e-05	2.76394
3.17725e-05	3.13758
3.59497e-05	3.54699
4.05447e-05	3.99419
4.55992e-05	4.48026
5.11591e-05	5.00457
5.7275e-05	5.5641
6.40025e-05	6.15303
7.14027e-05	6.76296
7.9543e-05	7.38397
8.84973e-05	8.00615
9.83471e-05	8.6065
0.000109182	9.20812
0.0001211	9.79283
0.00013421	10.3598
0.000148631	10.9082
0.000164494	11.4366
0.000181943	11.9442
0.000201138	12.4309
0.000222252	12.8974
0.000245477	13.346
0.000271024	13.779
0.000299127	14.1982
0.000330039	14.6047
0.000364043	14.9997
0.000401448	15.3842
0.000442593	15.7591
0.000487852	16.1252
0.000537637	16.4834
0.000592401	16.8343
0.000652641	17.1786
0.000718905	17.5168
0.000791795	17.8495
0.000871975	18.1772
0.000960172	18.5002
0.00105719	18.819
0.00116391	19.134
0.0012813	19.4454
0.00141043	19.7537
0.00155247	20.0591
0.00170872	20.3618
0.00188059	20.6623
0.00206965	20.9606
0.00227762	21.2571
0.00250638	21.5521
0.00275801	21.8458
0.00303482	22.1384
0.0033393	22.4302
0.00367423	22.7216
0.00404265	23.0127
0.00444792	23.304
0.00489371	23.5957
0.00538408	23.8882
0.00592349	24.1819
0.00651683	24.4772
0.00716952	24.7747
0.00788747	25.0747
0.00867722	25.378
0.00954594	25.685
0.0105015	25.9966
0.0115527	26.3134
0.012709	26.6365
0.0139808	26.9666
0.0153799	27.3049
0.0169189	27.6527
0.0186118	28.0113
0.020474	28.3823
0.0225224	28.7674
0.0247756	29.1687
0.0272542	29.5885
0.0299806	30.0295
0.0329797	30.4946
0.0362787	30.9876
0.0399075	31.5125
0.0438993	32.077
0.0482902	32.6947
0.0531202	33.38
0.0584332	34.1407
0.0642776	34.9731
0.0707063	35.8545
0.077778	36.7479
0.0855568	37.6511
0.0941134	38.7128
0.103526	39.6983
0.113526	40.0942
0.123526	40.115
0.133526	40.1006
0.143526	40.087
0.153526	40.0771
0.163526	40.0684
0.173526	40.0603
0.183526	40.0528
0.193526	40.0458
0.203526	40.0392
0.213526	40.033
0.223526	40.0272
0.233526	40.0217
0.243504	40.0165
0.253492	40.0115
0.263486	40.0067
0.273482	40.0022
0.28348	39.9978
0.293478	39.9935
0.303476	39.9894
0.313475	39.9855
0.323473	39.9817
0.333472	39.978
0.343471	39.9743
0.353469	39.9708
0.363468	39.9674
0.373467	39.964
0.383465	39.9608
0.393464	39.9576
0.403463	39.9544
0.413461	39.9513
0.42346	39.9483
0.433459	39.9453
0.443457	39.9424
0.453456	39.9395
0.463537	39.9367
0.473565	39.9339
0.483521	39.9311
0.493253	39.9285
0.502922	39.9258
0.512474	39.9233
0.522019	39.9208
0.531397	39.9183
0.540672	39.9159
0.550117	39.9134
0.559697	39.911
0.561	39.9106
0.569296	39.9084
0.579018	39.9061
0.588923	39.9033
0.598793	39.901
0.608727	39.8989
0.618725	39.896
0.628653	39.8936
0.638651	39.8912
0.648575	39.8887
0.658573	39.8863
0.668491	39.8838
0.678489	39.8814
0.688402	39.879
0.6984	39.8766
0.708306	39.8742
0.718303	39.8717
0.728197	39.8689
0.738195	39.8665
0.748133	39.8642
0.758074	39.8615
0.767947	39.8592
0.777815	39.8571
0.78775	39.8549
0.797699	39.8525
0.807661	39.85
0.817657	39.8473
0.827574	39.8447
0.837494	39.8422
0.847405	39.8397
0.857281	39.8372
0.867235	39.8347
0.877176	39.8321
0.886996	39.8296
0.896726	39.8271
0.906485	39.8244
0.915996	39.8223
0.925597	39.8196
0.935166	39.8167
0.944793	39.8144
0.954466	39.8118
0.964118	39.8092
0.973747	39.8065
0.983382	39.8038
0.993001	39.8012
1	39.7992
)
