(title "Wall Shear Stress")
(labels "Position" "Wall Shear Stress")

((xy/key/label "wall_down")
0	17.3434
0.01	13.5665
0.02	9.05693
0.03	8.05311
0.04	7.62122
0.05	7.33653
0.06	7.11031
0.07	6.92083
0.08	6.75813
0.09	6.61693
0.1	6.49357
0.11	6.3847
0.12	6.28757
0.13	6.20018
0.14	6.12079
0.15	6.04814
0.16	5.98143
0.17	5.91986
0.18	5.86275
0.19	5.80953
0.2	5.75978
0.21	5.71311
0.22	5.66917
0.23	5.6277
0.24	5.58846
0.25	5.55122
0.26	5.51582
0.27	5.4821
0.28	5.4499
0.29	5.41911
0.3	5.38963
0.31	5.36133
0.32	5.33415
0.33	5.30802
0.34	5.28285
0.35	5.25856
0.36	5.23513
0.37	5.2125
0.38	5.19061
0.39	5.16939
0.4	5.14884
0.41	5.12894
0.42	5.10962
0.43	5.09083
0.44	5.07257
0.45	5.05484
0.46	5.03759
0.47	5.02075
0.48	5.00429
0.49	4.98824
0.5	4.9726
0.51	4.95735
0.52	4.94247
0.53	4.92791
0.54	4.91366
0.55	4.89975
0.56	4.88616
0.57	4.87287
0.58	4.85986
0.59	4.8471
0.6	4.83459
0.61	4.82233
0.62	4.81034
0.63	4.79858
0.64	4.78705
0.65	4.77574
0.66	4.76462
0.67	4.75369
0.68	4.74297
0.69	4.73244
0.7	4.72211
0.71	4.71196
0.72	4.70198
0.73	4.69216
0.74	4.68249
0.75	4.67297
0.76	4.6636
0.77	4.6544
0.78	4.64535
0.79	4.63644
0.8	4.62766
0.81	4.61902
0.82	4.61049
0.83	4.60208
0.84	4.59379
0.85	4.58562
0.86	4.57758
0.87	4.56965
0.88	4.56184
0.89	4.55413
0.9	4.54653
0.91	4.53902
0.92	4.5316
0.93	4.52427
0.94	4.51704
0.95	4.50991
0.96	4.50287
0.97	4.49593
0.98	4.48907
0.99	4.4823
1	4.4756
1.01	4.46899
1.02	4.46245
1.03	4.45597
1.04	4.44957
1.05	4.44324
1.06	4.43699
1.07	4.43082
1.08	4.42472
1.09	4.41869
1.1	4.41272
1.11	4.40682
1.12	4.40098
1.13	4.3952
1.14	4.38947
1.15	4.3838
1.16	4.37818
1.17	4.37262
1.18	4.36712
1.19	4.36168
1.2	4.35629
1.21	4.35096
1.22	4.34568
1.23	4.34046
1.24	4.33528
1.25	4.33015
1.26	4.32506
1.27	4.32001
1.28	4.315
1.29	4.31004
1.3	4.30512
1.31	4.30025
1.32	4.29543
1.33	4.29066
1.34	4.28592
1.35	4.28123
1.36	4.27658
1.37	4.27197
1.38	4.2674
1.39	4.26286
1.4	4.25835
1.41	4.25388
1.42	4.24943
1.43	4.24502
1.44	4.24063
1.45	4.23629
1.46	4.23199
1.47	4.22772
1.48	4.22348
1.49	4.21928
1.5	4.21511
1.51	4.21097
1.52	4.20686
1.53	4.20277
1.53	4.20277
1.54	4.19872
1.55	4.19468
1.56	4.19068
1.57	4.18669
1.58	4.18272
1.59	4.17878
1.6	4.17486
1.61	4.17097
1.62	4.1671
1.63	4.16327
1.64	4.15945
1.65	4.15566
1.66	4.1519
1.67	4.14815
1.68	4.14442
1.69	4.14072
1.7	4.13703
1.71	4.13337
1.72	4.12971
1.73	4.12608
1.74	4.12246
1.75	4.11885
1.76	4.11526
1.77	4.11167
1.78	4.10811
1.79	4.10456
1.8	4.10102
1.81	4.09751
1.82	4.09401
1.83	4.09052
1.84	4.08705
1.85	4.08359
1.86	4.08014
1.87	4.0767
1.88	4.07327
1.89	4.06984
1.9	4.06642
1.91	4.063
1.92	4.05959
1.93	4.05618
1.94	4.05278
1.95	4.04938
1.96	4.04598
1.97	4.04258
1.98	4.03919
1.99	4.03581
2	4.03243
2.01	4.02906
2.02	4.02569
2.03	4.02232
2.04	4.01895
2.05	4.01559
2.06	4.01222
2.07	4.00886
2.08	4.00549
2.09	4.00212
2.1	3.99874
2.11	3.99536
2.12	3.99198
2.13	3.98859
2.14	3.98519
2.15	3.98178
2.16	3.97836
2.17	3.97493
2.18	3.97149
2.19	3.96803
2.2	3.96457
2.21	3.96109
2.22	3.95761
2.23	3.95411
2.24	3.95061
2.25	3.94708
2.26	3.94354
2.27	3.93999
2.28	3.93642
2.29	3.93283
2.3	3.92923
2.31	3.92561
2.32	3.92196
2.33	3.9183
2.34	3.91461
2.35	3.91089
2.36	3.90715
2.37	3.90338
2.38	3.89959
2.39	3.89577
2.4	3.89191
2.41	3.88803
2.42	3.88411
2.43	3.88016
2.44	3.87617
2.45	3.87215
2.46	3.86811
2.47	3.86403
2.48	3.85991
2.49	3.85576
2.5	3.85157
2.51	3.84735
2.52	3.84308
2.53	3.83878
2.54	3.83443
2.55	3.83005
2.56	3.82562
2.57	3.82115
2.58	3.81663
2.59	3.81207
2.6	3.80746
2.61	3.8028
2.62	3.7981
2.63	3.79334
2.64	3.78853
2.65	3.78367
2.66	3.77875
2.67	3.77379
2.68	3.76876
2.69	3.76368
2.7	3.75855
2.71	3.75336
2.72	3.74812
2.73	3.74283
2.74	3.73748
2.75	3.73208
2.76	3.72662
2.77	3.7211
2.78	3.71553
2.79	3.7099
2.8	3.70421
2.81	3.69846
2.82	3.69265
2.83	3.68679
2.84	3.68087
2.85	3.67489
2.86	3.66885
2.87	3.66276
2.88	3.65661
2.89	3.6504
2.9	3.64413
2.91	3.6378
2.92	3.63142
2.93	3.62497
2.94	3.61846
2.95	3.6119
2.96	3.60528
2.97	3.59861
2.98	3.59188
2.99	3.5851
3	3.57826
3.01	3.57138
3.02	3.56445
3.03	3.55747
3.04	3.55043
3.05	3.54335
3.06	3.53623
3.07	3.52905
3.08	3.52183
3.09	3.51457
3.1	3.50726
3.11	3.49991
3.12	3.49252
3.13	3.4851
3.14	3.47763
3.15	3.47013
3.16	3.4626
3.17	3.45503
3.18	3.44742
3.19	3.43978
3.2	3.43211
3.21	3.42441
3.22	3.41668
3.23	3.40892
3.24	3.40113
3.25	3.39332
3.26	3.38549
3.27	3.37764
3.28	3.36977
3.29	3.36189
3.3	3.35398
3.31	3.34606
3.32	3.33812
3.33	3.33016
3.34	3.32217
3.35	3.31417
3.36	3.30616
3.37	3.29815
3.38	3.29013
3.39	3.28211
3.4	3.27409
3.41	3.26607
3.42	3.25805
3.43	3.25002
3.44	3.24201
3.45	3.23399
3.46	3.22598
3.47	3.21797
3.48	3.20997
3.49	3.20197
3.5	3.19398
3.51	3.18599
3.52	3.17801
3.53	3.17005
3.54	3.1621
3.55	3.15416
3.56	3.14623
3.57	3.13833
3.58	3.13043
3.59	3.12256
3.6	3.1147
3.61	3.10686
3.62	3.09903
3.63	3.09123
3.64	3.08344
3.65	3.07568
3.66	3.06793
3.67	3.0602
3.68	3.0525
3.69	3.04483
3.7	3.03718
3.71	3.02955
3.72	3.02195
3.73	3.01438
3.74	3.00683
3.75	2.99931
3.76	2.99181
3.77	2.98434
3.78	2.9769
3.79	2.96948
3.8	2.96209
3.81	2.95472
3.82	2.94738
3.83	2.94008
3.83	2.94008
3.84	2.9328
3.85	2.92555
3.86	2.91833
3.87	2.91115
3.88	2.90399
3.89	2.89686
3.9	2.88976
3.91	2.88269
3.92	2.87566
3.93	2.86865
3.94	2.86168
3.95	2.85474
3.96	2.84783
3.97	2.84095
3.98	2.8341
3.99	2.82729
4	2.82051
4.01	2.81376
4.02	2.80705
4.03	2.80036
4.04	2.79371
4.05	2.78709
4.06	2.7805
4.07	2.77394
4.08	2.7674
4.09	2.7609
4.1	2.75443
4.11	2.74799
4.12	2.74158
4.13	2.7352
4.14	2.72885
4.15	2.72252
4.16	2.71622
4.17	2.70994
4.18	2.7037
4.19	2.69748
4.2	2.6913
4.21	2.68515
4.22	2.67902
4.23	2.67293
4.24	2.66687
4.25	2.66084
4.26	2.65484
4.27	2.64887
4.28	2.64294
4.29	2.63703
4.3	2.63115
4.31	2.62531
4.32	2.61949
4.33	2.6137
4.34	2.60794
4.35	2.60221
4.36	2.59651
4.37	2.59084
4.38	2.58519
4.39	2.57957
4.4	2.57398
4.41	2.56841
4.42	2.56287
4.43	2.55736
4.44	2.55188
4.45	2.54642
4.46	2.54099
4.47	2.53559
4.48	2.53021
4.49	2.52486
4.5	2.51954
4.51	2.51425
4.52	2.50898
4.53	2.50374
4.54	2.49853
4.55	2.49334
4.56	2.48818
4.57	2.48304
4.58	2.47793
4.59	2.47284
4.6	2.46778
4.61	2.46274
4.62	2.45773
4.63	2.45275
4.64	2.44778
4.65	2.44285
4.66	2.43793
4.67	2.43304
4.68	2.42817
4.69	2.42332
4.7	2.41849
4.71	2.41369
4.72	2.40891
4.73	2.40415
4.74	2.39941
4.75	2.3947
4.76	2.39001
4.77	2.38534
4.78	2.38069
4.79	2.37606
4.8	2.37146
4.81	2.36687
4.82	2.36231
4.83	2.35777
4.84	2.35326
4.85	2.34876
4.86	2.34429
4.87	2.33984
4.88	2.33541
4.89	2.331
4.9	2.32661
4.91	2.32224
4.92	2.31789
4.93	2.31356
4.94	2.30925
4.95	2.30496
4.96	2.30069
4.97	2.29645
4.98	2.29222
4.99	2.28801
5	2.28382
5.01	2.27965
5.02	2.2755
5.03	2.27136
5.04	2.26725
5.05	2.26315
5.06	2.25908
5.07	2.25502
5.08	2.25098
5.09	2.24695
5.1	2.24294
5.11	2.23895
5.12	2.23498
5.13	2.23102
5.14	2.22708
5.15	2.22316
5.16	2.21925
5.17	2.21536
5.18	2.21149
5.19	2.20763
5.2	2.20378
5.21	2.19995
5.22	2.19613
5.23	2.19233
5.24	2.18855
5.25	2.18478
5.26	2.18103
5.27	2.1773
5.28	2.17358
5.29	2.16988
5.3	2.16619
5.31	2.16252
5.32	2.15886
5.33	2.15522
5.34	2.1516
5.35	2.14799
5.36	2.1444
5.37	2.14082
5.38	2.13726
5.39	2.13371
5.4	2.13018
5.41	2.12666
5.42	2.12315
5.43	2.11966
5.44	2.11619
5.44	2.11619
5.45	2.11273
5.46	2.10928
5.47	2.10584
5.48	2.10242
5.49	2.09901
5.5	2.09562
5.51	2.09223
5.52	2.08886
5.53	2.0855
5.54	2.08216
5.55	2.07883
5.56	2.07551
5.57	2.0722
5.58	2.06891
5.59	2.06563
5.6	2.06236
5.61	2.05911
5.62	2.05587
5.63	2.05264
5.64	2.04943
5.65	2.04623
5.66	2.04304
5.67	2.03986
5.68	2.03669
5.69	2.03354
5.7	2.0304
5.71	2.02727
5.72	2.02415
5.73	2.02105
5.74	2.01795
5.75	2.01487
5.76	2.0118
5.77	2.00874
5.78	2.00569
5.79	2.00266
5.8	1.99963
5.81	1.99662
5.82	1.99361
5.83	1.99061
5.84	1.98763
5.85	1.98465
5.86	1.98168
5.87	1.97873
5.88	1.97578
5.89	1.97284
5.9	1.96992
5.91	1.967
5.92	1.96409
5.93	1.96119
5.94	1.95831
5.95	1.95543
5.96	1.95256
5.97	1.9497
5.98	1.94685
5.99	1.944
6	1.94117
6.01	1.93835
6.02	1.93554
6.03	1.93273
6.04	1.92994
6.05	1.92716
6.06	1.92438
6.07	1.92162
6.08	1.91886
6.09	1.91612
6.1	1.91338
6.11	1.91065
6.12	1.90793
6.13	1.90522
6.14	1.90252
6.15	1.89982
6.16	1.89713
6.17	1.89446
6.18	1.89179
6.19	1.88913
6.2	1.88647
6.21	1.88383
6.22	1.88119
6.23	1.87856
6.24	1.87594
6.25	1.87332
6.26	1.87072
6.27	1.86812
6.28	1.86553
6.29	1.86294
6.3	1.86036
6.31	1.85779
6.32	1.85523
6.33	1.85267
6.34	1.85012
6.35	1.84757
6.36	1.84504
6.37	1.8425
6.38	1.83998
6.39	1.83746
6.4	1.83495
6.41	1.83244
6.42	1.82994
6.43	1.82745
6.44	1.82496
6.45	1.82248
6.46	1.82
6.47	1.81753
6.48	1.81507
6.49	1.81261
6.5	1.81016
6.51	1.80772
6.52	1.80528
6.53	1.80285
6.54	1.80042
6.55	1.798
6.56	1.79558
6.57	1.79317
6.58	1.79076
6.59	1.78835
6.6	1.78595
6.61	1.78356
6.62	1.78116
6.63	1.77878
6.64	1.7764
6.65	1.77402
6.66	1.77165
6.67	1.76928
6.68	1.76692
6.69	1.76457
6.7	1.76221
6.71	1.75987
6.72	1.75752
6.73	1.75519
6.74	1.75285
6.75	1.75052
6.76	1.7482
6.77	1.74588
6.78	1.74356
6.79	1.74125
6.8	1.73894
6.81	1.73663
6.82	1.73433
6.83	1.73203
6.84	1.72974
6.85	1.72745
6.86	1.72517
6.87	1.72289
6.88	1.72062
6.89	1.71833
6.9	1.71608
6.91	1.71379
6.92	1.71158
6.93	1.70925
6.94	1.70712
6.95	1.7047
6.96	1.70271
6.97	1.7001
6.98	1.69852
6.99	1.69642
7	1.69368
)
